{
 "cells": [
  {
   "cell_type": "code",
   "execution_count": 1,
   "metadata": {
    "collapsed": false
   },
   "outputs": [
    {
     "name": "stderr",
     "output_type": "stream",
     "text": [
      "//anaconda/lib/python2.7/site-packages/matplotlib/font_manager.py:273: UserWarning: Matplotlib is building the font cache using fc-list. This may take a moment.\n",
      "  warnings.warn('Matplotlib is building the font cache using fc-list. This may take a moment.')\n"
     ]
    }
   ],
   "source": [
    "import numpy as np\n",
    "import matplotlib.pyplot as plt\n",
    "from util import *"
   ]
  },
  {
   "cell_type": "code",
   "execution_count": 2,
   "metadata": {
    "collapsed": true
   },
   "outputs": [],
   "source": [
    "d = load_obj(\"optVarDict\")"
   ]
  },
  {
   "cell_type": "code",
   "execution_count": 3,
   "metadata": {
    "collapsed": false
   },
   "outputs": [],
   "source": [
    "for bList in d.values():\n",
    "    for node in bList:\n",
    "        node.calcDist()\n",
    "        node.calcEVals()"
   ]
  },
  {
   "cell_type": "code",
   "execution_count": 4,
   "metadata": {
    "collapsed": true
   },
   "outputs": [],
   "source": [
    "save_obj(d,\"optVarDict\")"
   ]
  },
  {
   "cell_type": "code",
   "execution_count": 5,
   "metadata": {
    "collapsed": false
   },
   "outputs": [
    {
     "name": "stdout",
     "output_type": "stream",
     "text": [
      "dist vs b for c = -0.4\n",
      "dist vs b for c = -0.2917\n",
      "dist vs b for c = -0.1833\n",
      "dist vs b for c = -0.075\n",
      "dist vs b for c = 0.0333\n",
      "dist vs b for c = 0.1417\n",
      "dist vs b for c = 0.25\n",
      "dist vs b for c = 0.3583\n",
      "dist vs b for c = 0.4667\n",
      "dist vs b for c = 0.575\n",
      "dist vs b for c = 0.6833\n",
      "dist vs b for c = 0.7917\n",
      "dist vs b for c = 0.9\n"
     ]
    }
   ],
   "source": [
    "cTot = 13\n",
    "cRange = np.linspace(-.4,.9,cTot)\n",
    "for c in cRange:\n",
    "    c = round(c,4)\n",
    "    cStr = str(c)\n",
    "    key = hash(cStr)\n",
    "    cNodes = d[key]\n",
    "    bVals = [node.b for node in cNodes]\n",
    "    dVals = [node.dist for node in cNodes]\n",
    "    #begin figure and plot\n",
    "    fig = plt.figure()\n",
    "    bRange = calcBRange(c,cTot)\n",
    "    (bMin,bMax) = bRange[0]-1, bRange[-1]+1\n",
    "    #make x,y axis\n",
    "    # plt.plot((-1.,0.5),(0,0),'k--')\n",
    "    # plt.plot((0,0),(-1.0,1.0),'k--')\n",
    "    plt.xlabel('b', fontsize=15)\n",
    "    plt.ylabel('dist', fontsize=15)\n",
    "    plt.xlim(bMin,bMax)\n",
    "    dMax = max(dVals)+1\n",
    "    plt.ylim(0,dMax)\n",
    "    plt.plot(bVals,dVals,\"o\")\n",
    "    #title\n",
    "    title = 'dist vs b for c = {0}'.format(cStr)\n",
    "    print title              \n",
    "    fig.suptitle(title, fontsize=20)\n",
    "    # plt.show()\n",
    "\n",
    "    title1 = \"plots/dVsb1_{}.png\".format(cStr) # save file to subdirectory called plots\n",
    "    fig.savefig(title1)"
   ]
  },
  {
   "cell_type": "code",
   "execution_count": 6,
   "metadata": {
    "collapsed": false
   },
   "outputs": [
    {
     "name": "stdout",
     "output_type": "stream",
     "text": [
      "[-0.40000000000000002, -0.29166666666666669, -0.18333333333333335, -0.075000000000000011, 0.033333333333333326, 0.14166666666666672, 0.25, 0.35833333333333328, 0.46666666666666667, 0.57500000000000007, 0.68333333333333346, 0.79166666666666663, 0.90000000000000002]\n"
     ]
    }
   ],
   "source": [
    "cVals = [n[0].c for n in d.values()]\n",
    "print sorted(cVals)"
   ]
  },
  {
   "cell_type": "code",
   "execution_count": null,
   "metadata": {
    "collapsed": false
   },
   "outputs": [],
   "source": []
  },
  {
   "cell_type": "code",
   "execution_count": 12,
   "metadata": {
    "collapsed": false
   },
   "outputs": [
    {
     "name": "stdout",
     "output_type": "stream",
     "text": [
      "(c,b) =  -0.4 -0.2\n",
      "distance = 3.81202368626e-05\n",
      "Q1 =  0.262300856332\n",
      "rho op = \n",
      "[[  3.79761986e-01 -1.41887213e-23j   7.83235796e-06 +1.82237896e-06j\n",
      "   -8.22875395e-02 -1.12164797e-06j]\n",
      " [  7.83235796e-06 -1.82237896e-06j   2.77130374e-01 +5.00096674e-28j\n",
      "   -4.74657028e-06 -1.90399658e-06j]\n",
      " [ -8.22875395e-02 +1.12164797e-06j  -4.74657028e-06 +1.90399658e-06j\n",
      "    3.43107640e-01 +0.00000000e+00j]]\n",
      "----------------\n",
      "(c,b) =  -0.4 -0.166666666667\n",
      "distance = 9.83710146866e-06\n",
      "Q1 =  0.272886207589\n",
      "rho op = \n",
      "[[  3.73954169e-01 +1.40316672e-24j  -3.91019645e-07 +7.08307473e-07j\n",
      "   -6.90425169e-02 +4.28390724e-06j]\n",
      " [ -3.91019645e-07 -7.08307473e-07j   2.85940325e-01 -2.14202162e-29j\n",
      "    2.32181594e-06 +5.10906334e-08j]\n",
      " [ -6.90425169e-02 -4.28390724e-06j   2.32181594e-06 -5.10906334e-08j\n",
      "    3.40105506e-01 +0.00000000e+00j]]\n",
      "----------------\n",
      "(c,b) =  -0.4 -0.133333333333\n",
      "distance = 3.9130209223e-05\n",
      "Q1 =  0.281739222937\n",
      "rho op = \n",
      "[[  3.67521779e-01 -5.80988966e-24j  -7.14980373e-06 +1.03107907e-06j\n",
      "   -5.58276788e-02 -1.13959270e-06j]\n",
      " [ -7.14980373e-06 -1.03107907e-06j   2.94811434e-01 +1.03796753e-27j\n",
      "    5.66622556e-06 +3.37778036e-06j]\n",
      " [ -5.58276788e-02 +1.13959270e-06j   5.66622556e-06 -3.37778036e-06j\n",
      "    3.37666787e-01 +0.00000000e+00j]]\n",
      "----------------\n",
      "(c,b) =  -0.4 -0.1\n",
      "distance = 1.80403407539e-05\n",
      "Q1 =  0.288794658046\n",
      "rho op = \n",
      "[[  3.60363266e-01 +3.86359007e-24j   1.13836929e-06 -1.93657979e-06j\n",
      "   -4.24894618e-02 -8.04634513e-07j]\n",
      " [  1.13836929e-06 +1.93657979e-06j   3.03844964e-01 -1.27040391e-27j\n",
      "   -2.70257927e-06 +2.82678399e-06j]\n",
      " [ -4.24894618e-02 +8.04634513e-07j  -2.70257927e-06 -2.82678399e-06j\n",
      "    3.35791770e-01 +0.00000000e+00j]]\n",
      "----------------\n",
      "(c,b) =  -0.4 -0.0666666666667\n",
      "distance = 7.70485872691e-06\n",
      "Q1 =  0.293971896097\n",
      "rho op = \n",
      "[[  3.52375650e-01 +4.11286454e-24j  -9.12100424e-07 -6.49131026e-07j\n",
      "   -2.88602000e-02 +1.30801295e-06j]\n",
      " [ -9.12100424e-07 +6.49131026e-07j   3.13183621e-01 -9.41349640e-30j\n",
      "    3.39804318e-07 -1.53020840e-06j]\n",
      " [ -2.88602000e-02 -1.30801295e-06j   3.39804318e-07 +1.53020840e-06j\n",
      "    3.34440729e-01 +0.00000000e+00j]]\n",
      "----------------\n",
      "(c,b) =  -0.4 -0.0333333333333\n",
      "distance = 5.63239859982e-05\n",
      "Q1 =  0.297171327829\n",
      "rho op = \n",
      "[[  3.43420818e-01 -1.08142718e-23j   1.62645082e-07 +1.02326304e-05j\n",
      "   -1.47583812e-02 +7.78119660e-06j]\n",
      " [  1.62645082e-07 -1.02326304e-05j   3.22963667e-01 +1.65621644e-27j\n",
      "    1.54695503e-06 -9.54715737e-06j]\n",
      " [ -1.47583812e-02 -7.78119660e-06j   1.54695503e-06 +9.54715737e-06j\n",
      "    3.33615515e-01 +0.00000000e+00j]]\n",
      "----------------\n",
      "(c,b) =  -0.4 0.0\n",
      "distance = 3.55806214663e-05\n",
      "Q1 =  0.298269832204\n",
      "rho op = \n",
      "[[  3.33332908e-01 -3.82648015e-27j  -2.10639561e-06 -4.56671272e-06j\n",
      "   -6.30328103e-06 +1.05558133e-05j]\n",
      " [ -2.10639561e-06 +4.56671272e-06j   3.33334706e-01 +6.86221221e-28j\n",
      "    7.19507640e-06 -1.43627889e-06j]\n",
      " [ -6.30328103e-06 -1.05558133e-05j   7.19507640e-06 +1.43627889e-06j\n",
      "    3.33332386e-01 +0.00000000e+00j]]\n",
      "----------------\n",
      "(c,b) =  -0.4 0.0333333333333\n",
      "distance = 2.60476293524e-05\n",
      "Q1 =  0.297114859113\n",
      "rho op = \n",
      "[[  3.21904083e-01 -2.20563660e-24j   2.04735747e-07 -3.13683147e-06j\n",
      "    1.56346214e-02 +1.01235469e-06j]\n",
      " [  2.04735747e-07 +3.13683147e-06j   3.44469320e-01 -1.67332479e-27j\n",
      "   -2.53319213e-06 -5.10942721e-06j]\n",
      " [  1.56346214e-02 -1.01235469e-06j  -2.53319213e-06 +5.10942721e-06j\n",
      "    3.33626597e-01 +0.00000000e+00j]]\n",
      "----------------\n",
      "(c,b) =  -0.4 0.0666666666667\n",
      "distance = 1.10380710836e-05\n",
      "Q1 =  0.293516438857\n",
      "rho op = \n",
      "[[  3.08870463e-01 +2.13154234e-25j   3.06249869e-07 +1.97567620e-06j\n",
      "    3.24320600e-02 -3.12998332e-07j]\n",
      " [  3.06249869e-07 -1.97567620e-06j   3.56587885e-01 +1.67828496e-28j\n",
      "    4.31159996e-07 +1.85255336e-06j]\n",
      " [  3.24320600e-02 +3.12998332e-07j   4.31159996e-07 -1.85255336e-06j\n",
      "    3.34541652e-01 +0.00000000e+00j]]\n",
      "----------------\n",
      "(c,b) =  -0.4 0.1\n",
      "distance = 6.19715131366e-05\n",
      "Q1 =  0.287236128888\n",
      "rho op = \n",
      "[[  2.93912105e-01 +5.04606386e-23j   2.08986791e-06 -1.02833576e-05j\n",
      "    5.06807447e-02 -6.21724045e-06j]\n",
      " [  2.08986791e-06 +1.02833576e-05j   3.69938947e-01 +3.16514769e-28j\n",
      "   -1.70881354e-06 -1.12691722e-05j]\n",
      " [  5.06807447e-02 +6.21724045e-06j  -1.70881354e-06 +1.12691722e-05j\n",
      "    3.36148948e-01 +0.00000000e+00j]]\n",
      "----------------\n",
      "(c,b) =  -0.4 0.133333333333\n",
      "distance = 3.14168299862e-05\n",
      "Q1 =  0.277971384522\n",
      "rho op = \n",
      "[[  2.76588765e-01 +1.00447910e-25j   3.28504487e-06 -6.68803731e-06j\n",
      "    7.07975417e-02 -8.82401569e-08j]\n",
      " [  3.28504487e-06 +6.68803731e-06j   3.84859112e-01 -6.57066282e-29j\n",
      "   -2.30287826e-06 -9.29496786e-07j]\n",
      " [  7.07975417e-02 +8.82401569e-08j  -2.30287826e-06 +9.29496786e-07j\n",
      "    3.38552124e-01 +0.00000000e+00j]]\n",
      "----------------\n",
      "(c,b) =  -0.4 0.166666666667\n",
      "distance = 3.81906897961e-05\n",
      "Q1 =  0.265332923878\n",
      "rho op = \n",
      "[[  2.56386832e-01 -2.17196142e-23j   1.26173394e-06 +8.11326783e-06j\n",
      "    9.32629701e-02 -5.21498392e-06j]\n",
      " [  1.26173394e-06 -8.11326783e-06j   4.01732046e-01 +7.49968387e-28j\n",
      "   -1.15654990e-06 +4.73321816e-06j]\n",
      " [  9.32629701e-02 +5.21498392e-06j  -1.15654990e-06 -4.73321816e-06j\n",
      "    3.41881122e-01 +0.00000000e+00j]]\n",
      "----------------\n",
      "(c,b) =  -0.4 0.2\n",
      "distance = 5.65783024073e-05\n",
      "Q1 =  0.248811046744\n",
      "rho op = \n",
      "[[  2.32572992e-01 +9.57492729e-23j  -3.97925607e-06 +9.90598029e-06j\n",
      "    1.18711707e-01 -2.88300369e-06j]\n",
      " [ -3.97925607e-06 -9.90598029e-06j   4.21094212e-01 +9.10913526e-27j\n",
      "    5.90514518e-06 +7.15788760e-06j]\n",
      " [  1.18711707e-01 +2.88300369e-06j   5.90514518e-06 -7.15788760e-06j\n",
      "    3.46332796e-01 +0.00000000e+00j]]\n",
      "----------------\n",
      "****************************\n",
      "****************************\n",
      "(c,b) =  0.575 -0.2875\n",
      "distance = 3.39722998161e-06\n",
      "Q1 =  0.33391429142\n",
      "rho op = \n",
      "[[  3.58082180e-01 +9.79405380e-25j   2.75165595e-07 -2.23391763e-07j\n",
      "   -2.46574292e-02 -4.29026824e-07j]\n",
      " [  2.75165595e-07 +2.23391763e-07j   3.14054686e-01 +4.97858113e-29j\n",
      "   -5.43756423e-07 -5.47751942e-07j]\n",
      " [ -2.46574292e-02 +4.29026824e-07j  -5.43756423e-07 +5.47751942e-07j\n",
      "    3.27863135e-01 +0.00000000e+00j]]\n",
      "----------------\n",
      "(c,b) =  0.575 -0.239583333333\n",
      "distance = 2.22596500716e-06\n",
      "Q1 =  0.366365757688\n",
      "rho op = \n",
      "[[  3.54706396e-01 -1.06664084e-25j   5.17155172e-07 +6.37037670e-08j\n",
      "   -2.24241314e-02 +5.02337929e-08j]\n",
      " [  5.17155172e-07 -6.37037670e-08j   3.16126782e-01 -1.52166865e-30j\n",
      "    1.93256738e-07 +2.87524675e-08j]\n",
      " [ -2.24241314e-02 -5.02337929e-08j   1.93256738e-07 -2.87524675e-08j\n",
      "    3.29166822e-01 +0.00000000e+00j]]\n",
      "----------------\n",
      "(c,b) =  0.575 -0.191666666667\n",
      "distance = 2.03587575225e-06\n",
      "Q1 =  0.393032701597\n",
      "rho op = \n",
      "[[  3.51055460e-01 +1.79809450e-25j  -4.70227216e-07 -7.76212413e-08j\n",
      "   -1.96279219e-02 -5.90461737e-08j]\n",
      " [ -4.70227216e-07 +7.76212413e-08j   3.18546509e-01 +2.23640154e-30j\n",
      "   -1.66343878e-07 +6.51183744e-08j]\n",
      " [ -1.96279219e-02 +5.90461737e-08j  -1.66343878e-07 -6.51183744e-08j\n",
      "    3.30398031e-01 +0.00000000e+00j]]\n",
      "----------------\n",
      "(c,b) =  0.575 -0.14375\n",
      "distance = 1.00876414503e-05\n",
      "Q1 =  0.413982508728\n",
      "rho op = \n",
      "[[  3.47133650e-01 +2.09818047e-26j  -2.42796158e-06 +9.32213597e-08j\n",
      "   -1.61689925e-02 +6.18041036e-09j]\n",
      " [ -2.42796158e-06 -9.32213597e-08j   3.21361196e-01 -5.67574207e-30j\n",
      "   -6.69285709e-07 -9.16562935e-08j]\n",
      " [ -1.61689925e-02 -6.18041036e-09j  -6.69285709e-07 +9.16562935e-08j\n",
      "    3.31505154e-01 +0.00000000e+00j]]\n",
      "----------------\n",
      "(c,b) =  0.575 -0.0958333333333\n",
      "distance = 9.78468627427e-06\n",
      "Q1 =  0.429182583728\n",
      "rho op = \n",
      "[[  3.42909078e-01 +5.28155171e-25j  -2.26300531e-06 +4.90513507e-07j\n",
      "   -1.19034884e-02 -2.12497351e-07j]\n",
      " [ -2.26300531e-06 -4.90513507e-07j   3.24663516e-01 +8.58775332e-30j\n",
      "   -4.77500554e-07 -6.27655963e-07j]\n",
      " [ -1.19034884e-02 +2.12497351e-07j  -4.77500554e-07 +6.27655963e-07j\n",
      "    3.32427406e-01 +0.00000000e+00j]]\n",
      "----------------\n",
      "(c,b) =  0.575 -0.0479166666667\n",
      "distance = 5.41966001302e-06\n",
      "Q1 =  0.438496470396\n",
      "rho op = \n",
      "[[  3.38336716e-01 -2.68639390e-26j  -4.43381361e-07 +6.88498604e-07j\n",
      "   -6.62184242e-03 -7.33647619e-08j]\n",
      " [ -4.43381361e-07 -6.88498604e-07j   3.28583253e-01 +2.48983519e-29j\n",
      "   -4.45388485e-07 -9.83263141e-07j]\n",
      " [ -6.62184242e-03 +7.33647619e-08j  -4.45388485e-07 +9.83263141e-07j\n",
      "    3.33080031e-01 +0.00000000e+00j]]\n",
      "----------------\n",
      "(c,b) =  0.575 0.0\n",
      "distance = 8.87127834442e-07\n",
      "Q1 =  0.441676117668\n",
      "rho op = \n",
      "[[  3.33333311e-01 -5.59853745e-31j   2.97606878e-08 +1.64122878e-07j\n",
      "   -4.18940550e-08 -1.16035679e-07j]\n",
      " [  2.97606878e-08 -1.64122878e-07j   3.33334509e-01 +1.80746103e-30j\n",
      "   -1.13679133e-07 -9.18818495e-08j]\n",
      " [ -4.18940550e-08 +1.16035679e-07j  -1.13679133e-07 +9.18818495e-08j\n",
      "    3.33332180e-01 +0.00000000e+00j]]\n",
      "----------------\n",
      "(c,b) =  0.575 0.0479166666667\n",
      "distance = 6.32207205119e-06\n",
      "Q1 =  0.438352442041\n",
      "rho op = \n",
      "[[  3.27756130e-01 -1.44840862e-25j  -1.51368985e-06 -7.68797811e-08j\n",
      "    8.47223082e-03 -1.46809353e-07j]\n",
      " [ -1.51368985e-06 +7.68797811e-08j   3.39245106e-01 +6.09808659e-30j\n",
      "    4.40482172e-07 -8.27356721e-08j]\n",
      " [  8.47223082e-03 +1.46809353e-07j   4.40482172e-07 +8.27356721e-08j\n",
      "    3.32998764e-01 +0.00000000e+00j]]\n",
      "----------------\n",
      "(c,b) =  0.575 0.0958333333333\n",
      "distance = 2.42389260659e-06\n",
      "Q1 =  0.428031547247\n",
      "rho op = \n",
      "[[  3.21360205e-01 +2.35854140e-26j  -5.26052659e-07 -5.04137176e-08j\n",
      "    1.96657892e-02 -1.93021022e-08j]\n",
      " [ -5.26052659e-07 +5.04137176e-08j   3.46889872e-01 -2.24917354e-31j\n",
      "    2.96476250e-07 -5.68773713e-09j]\n",
      " [  1.96657892e-02 +1.93021022e-08j   2.96476250e-07 +5.68773713e-09j\n",
      "    3.31749923e-01 +0.00000000e+00j]]\n",
      "----------------\n",
      "(c,b) =  0.575 0.14375\n",
      "distance = 1.37680141937e-05\n",
      "Q1 =  0.410121831818\n",
      "rho op = \n",
      "[[  3.13664969e-01 +3.08363012e-24j   3.21870436e-06 +4.34708573e-07j\n",
      "    3.51593024e-02 +3.85932587e-07j]\n",
      " [  3.21870436e-06 -4.34708573e-07j   3.57323541e-01 -5.52201431e-30j\n",
      "    5.34362519e-08 +1.13820194e-06j]\n",
      " [  3.51593024e-02 -3.85932587e-07j   5.34362519e-08 -1.13820194e-06j\n",
      "    3.29011490e-01 +0.00000000e+00j]]\n",
      "----------------\n",
      "(c,b) =  0.575 0.191666666667\n",
      "distance = 5.69214080553e-06\n",
      "Q1 =  0.384082604683\n",
      "rho op = \n",
      "[[  3.03786018e-01 +1.25799796e-23j   9.31544453e-07 +8.71823572e-08j\n",
      "    5.80720820e-02 -1.04165787e-06j]\n",
      " [  9.31544453e-07 -8.71823572e-08j   3.72605616e-01 +9.54759939e-29j\n",
      "   -8.30205172e-07 -6.78537196e-07j]\n",
      " [  5.80720820e-02 +1.04165787e-06j  -8.30205172e-07 +6.78537196e-07j\n",
      "    3.23608366e-01 +0.00000000e+00j]]\n",
      "----------------\n",
      "(c,b) =  0.575 0.239583333333\n",
      "distance = 8.33315864658e-07\n",
      "Q1 =  0.350052425175\n",
      "rho op = \n",
      "[[  2.89905091e-01 +5.20959764e-25j  -1.82609213e-07 -5.06464061e-08j\n",
      "    9.50397211e-02 +1.71839539e-07j]\n",
      " [ -1.82609213e-07 +5.06464061e-08j   3.97157103e-01 -2.18923693e-31j\n",
      "    7.93168046e-08 -3.46210873e-08j]\n",
      " [  9.50397211e-02 -1.71839539e-07j   7.93168046e-08 +3.46210873e-08j\n",
      "    3.12937805e-01 +0.00000000e+00j]]\n",
      "----------------\n",
      "(c,b) =  0.575 0.2875\n",
      "distance = 2.26623890755e-05\n",
      "Q1 =  0.31149038175\n",
      "rho op = \n",
      "[[  2.69021083e-01 +1.13419376e-23j  -2.39852262e-07 +1.62754686e-06j\n",
      "    1.59361396e-01 +1.17734467e-06j]\n",
      " [ -2.39852262e-07 -1.62754686e-06j   4.39829246e-01 +4.09650618e-29j\n",
      "    6.78706918e-08 +5.42106522e-06j]\n",
      " [  1.59361396e-01 -1.17734467e-06j   6.78706918e-08 -5.42106522e-06j\n",
      "    2.91149671e-01 +0.00000000e+00j]]\n",
      "----------------\n",
      "****************************\n",
      "****************************\n"
     ]
    }
   ],
   "source": [
    "key1 = calcKey(-.4)\n",
    "key2 = calcKey(.575)\n",
    "for key in [key1,key2]:\n",
    "    for n in  d[key]:\n",
    "        print \"(c,b) = \", n.c,n.b\n",
    "        print \"distance =\", n.dist\n",
    "        print \"Q1 = \", n.Q1\n",
    "        print \"rho op = \\n\", n.rhoOp    \n",
    "        print \"----------------\"\n",
    "    print \"****************************\"\n",
    "    print \"****************************\""
   ]
  },
  {
   "cell_type": "code",
   "execution_count": null,
   "metadata": {
    "collapsed": false
   },
   "outputs": [],
   "source": []
  }
 ],
 "metadata": {
  "anaconda-cloud": {},
  "kernelspec": {
   "display_name": "Python [Root]",
   "language": "python",
   "name": "Python [Root]"
  },
  "language_info": {
   "codemirror_mode": {
    "name": "ipython",
    "version": 2
   },
   "file_extension": ".py",
   "mimetype": "text/x-python",
   "name": "python",
   "nbconvert_exporter": "python",
   "pygments_lexer": "ipython2",
   "version": "2.7.12"
  }
 },
 "nbformat": 4,
 "nbformat_minor": 0
}
