{\rtf1\ansi\ansicpg1252\cocoartf1504\cocoasubrtf830
{\fonttbl\f0\fmodern\fcharset0 Courier;\f1\froman\fcharset0 Times-Roman;}
{\colortbl;\red255\green255\blue255;\red0\green0\blue0;}
{\*\expandedcolortbl;;\cssrgb\c0\c0\c0;}
\margl1440\margr1440\vieww17660\viewh9260\viewkind0
\deftab720
\pard\pardeftab720\sl280\partightenfactor0

\f0\fs24 \cf2 \expnd0\expndtw0\kerning0
\outl0\strokewidth0 \strokec2 (c,b) =  -0.4 -0.2\
distance = 3.81202368626e-05\
Q1 =  0.262300856332\
rho op = \
[[  3.79761986e-01 -1.41887213e-23j   7.83235796e-06 +1.82237896e-06j\
   -8.22875395e-02 -1.12164797e-06j]\
 [  7.83235796e-06 -1.82237896e-06j   2.77130374e-01 +5.00096674e-28j\
   -4.74657028e-06 -1.90399658e-06j]\
 [ -8.22875395e-02 +1.12164797e-06j  -4.74657028e-06 +1.90399658e-06j\
    3.43107640e-01 +0.00000000e+00j]]\
----------------\
(c,b) =  -0.4 -0.166666666667\
distance = 9.83710146866e-06\
Q1 =  0.272886207589\
rho op = \
[[  3.73954169e-01 +1.40316672e-24j  -3.91019645e-07 +7.08307473e-07j\
   -6.90425169e-02 +4.28390724e-06j]\
 [ -3.91019645e-07 -7.08307473e-07j   2.85940325e-01 -2.14202162e-29j\
    2.32181594e-06 +5.10906334e-08j]\
 [ -6.90425169e-02 -4.28390724e-06j   2.32181594e-06 -5.10906334e-08j\
    3.40105506e-01 +0.00000000e+00j]]\
----------------\
(c,b) =  -0.4 -0.133333333333\
distance = 3.9130209223e-05\
Q1 =  0.281739222937\
rho op = \
[[  3.67521779e-01 -5.80988966e-24j  -7.14980373e-06 +1.03107907e-06j\
   -5.58276788e-02 -1.13959270e-06j]\
 [ -7.14980373e-06 -1.03107907e-06j   2.94811434e-01 +1.03796753e-27j\
    5.66622556e-06 +3.37778036e-06j]\
 [ -5.58276788e-02 +1.13959270e-06j   5.66622556e-06 -3.37778036e-06j\
    3.37666787e-01 +0.00000000e+00j]]\
----------------\
(c,b) =  -0.4 -0.1\
distance = 1.80403407539e-05\
Q1 =  0.288794658046\
rho op = \
[[  3.60363266e-01 +3.86359007e-24j   1.13836929e-06 -1.93657979e-06j\
   -4.24894618e-02 -8.04634513e-07j]\
 [  1.13836929e-06 +1.93657979e-06j   3.03844964e-01 -1.27040391e-27j\
   -2.70257927e-06 +2.82678399e-06j]\
 [ -4.24894618e-02 +8.04634513e-07j  -2.70257927e-06 -2.82678399e-06j\
    3.35791770e-01 +0.00000000e+00j]]\
----------------\
(c,b) =  -0.4 -0.0666666666667\
distance = 7.70485872691e-06\
Q1 =  0.293971896097\
rho op = \
[[  3.52375650e-01 +4.11286454e-24j  -9.12100424e-07 -6.49131026e-07j\
   -2.88602000e-02 +1.30801295e-06j]\
 [ -9.12100424e-07 +6.49131026e-07j   3.13183621e-01 -9.41349640e-30j\
    3.39804318e-07 -1.53020840e-06j]\
 [ -2.88602000e-02 -1.30801295e-06j   3.39804318e-07 +1.53020840e-06j\
    3.34440729e-01 +0.00000000e+00j]]\
----------------\
(c,b) =  -0.4 -0.0333333333333\
distance = 5.63239859982e-05\
Q1 =  0.297171327829\
rho op = \
[[  3.43420818e-01 -1.08142718e-23j   1.62645082e-07 +1.02326304e-05j\
   -1.47583812e-02 +7.78119660e-06j]\
 [  1.62645082e-07 -1.02326304e-05j   3.22963667e-01 +1.65621644e-27j\
    1.54695503e-06 -9.54715737e-06j]\
 [ -1.47583812e-02 -7.78119660e-06j   1.54695503e-06 +9.54715737e-06j\
    3.33615515e-01 +0.00000000e+00j]]\
----------------\
(c,b) =  -0.4 0.0\
distance = 3.55806214663e-05\
Q1 =  0.298269832204\
rho op = \
[[  3.33332908e-01 -3.82648015e-27j  -2.10639561e-06 -4.56671272e-06j\
   -6.30328103e-06 +1.05558133e-05j]\
 [ -2.10639561e-06 +4.56671272e-06j   3.33334706e-01 +6.86221221e-28j\
    7.19507640e-06 -1.43627889e-06j]\
 [ -6.30328103e-06 -1.05558133e-05j   7.19507640e-06 +1.43627889e-06j\
    3.33332386e-01 +0.00000000e+00j]]\
----------------\
(c,b) =  -0.4 0.0333333333333\
distance = 2.60476293524e-05\
Q1 =  0.297114859113\
rho op = \
[[  3.21904083e-01 -2.20563660e-24j   2.04735747e-07 -3.13683147e-06j\
    1.56346214e-02 +1.01235469e-06j]\
 [  2.04735747e-07 +3.13683147e-06j   3.44469320e-01 -1.67332479e-27j\
   -2.53319213e-06 -5.10942721e-06j]\
 [  1.56346214e-02 -1.01235469e-06j  -2.53319213e-06 +5.10942721e-06j\
    3.33626597e-01 +0.00000000e+00j]]\
----------------\
(c,b) =  -0.4 0.0666666666667\
distance = 1.10380710836e-05\
Q1 =  0.293516438857\
rho op = \
[[  3.08870463e-01 +2.13154234e-25j   3.06249869e-07 +1.97567620e-06j\
    3.24320600e-02 -3.12998332e-07j]\
 [  3.06249869e-07 -1.97567620e-06j   3.56587885e-01 +1.67828496e-28j\
    4.31159996e-07 +1.85255336e-06j]\
 [  3.24320600e-02 +3.12998332e-07j   4.31159996e-07 -1.85255336e-06j\
    3.34541652e-01 +0.00000000e+00j]]\
----------------\
(c,b) =  -0.4 0.1\
distance = 6.19715131366e-05\
Q1 =  0.287236128888\
rho op = \
[[  2.93912105e-01 +5.04606386e-23j   2.08986791e-06 -1.02833576e-05j\
    5.06807447e-02 -6.21724045e-06j]\
 [  2.08986791e-06 +1.02833576e-05j   3.69938947e-01 +3.16514769e-28j\
   -1.70881354e-06 -1.12691722e-05j]\
 [  5.06807447e-02 +6.21724045e-06j  -1.70881354e-06 +1.12691722e-05j\
    3.36148948e-01 +0.00000000e+00j]]\
----------------\
(c,b) =  -0.4 0.133333333333\
distance = 3.14168299862e-05\
Q1 =  0.277971384522\
rho op = \
[[  2.76588765e-01 +1.00447910e-25j   3.28504487e-06 -6.68803731e-06j\
    7.07975417e-02 -8.82401569e-08j]\
 [  3.28504487e-06 +6.68803731e-06j   3.84859112e-01 -6.57066282e-29j\
   -2.30287826e-06 -9.29496786e-07j]\
 [  7.07975417e-02 +8.82401569e-08j  -2.30287826e-06 +9.29496786e-07j\
    3.38552124e-01 +0.00000000e+00j]]\
----------------\
(c,b) =  -0.4 0.166666666667\
distance = 3.81906897961e-05\
Q1 =  0.265332923878\
rho op = \
[[  2.56386832e-01 -2.17196142e-23j   1.26173394e-06 +8.11326783e-06j\
    9.32629701e-02 -5.21498392e-06j]\
 [  1.26173394e-06 -8.11326783e-06j   4.01732046e-01 +7.49968387e-28j\
   -1.15654990e-06 +4.73321816e-06j]\
 [  9.32629701e-02 +5.21498392e-06j  -1.15654990e-06 -4.73321816e-06j\
    3.41881122e-01 +0.00000000e+00j]]\
----------------\
(c,b) =  -0.4 0.2\
distance = 5.65783024073e-05\
Q1 =  0.248811046744\
rho op = \
[[  2.32572992e-01 +9.57492729e-23j  -3.97925607e-06 +9.90598029e-06j\
    1.18711707e-01 -2.88300369e-06j]\
 [ -3.97925607e-06 -9.90598029e-06j   4.21094212e-01 +9.10913526e-27j\
    5.90514518e-06 +7.15788760e-06j]\
 [  1.18711707e-01 +2.88300369e-06j   5.90514518e-06 -7.15788760e-06j\
    3.46332796e-01 +0.00000000e+00j]]\
----------------\
****************************\
****************************\
(c,b) =  0.575 -0.2875\
distance = 3.39722998161e-06\
Q1 =  0.33391429142\
rho op = \
[[  3.58082180e-01 +9.79405380e-25j   2.75165595e-07 -2.23391763e-07j\
   -2.46574292e-02 -4.29026824e-07j]\
 [  2.75165595e-07 +2.23391763e-07j   3.14054686e-01 +4.97858113e-29j\
   -5.43756423e-07 -5.47751942e-07j]\
 [ -2.46574292e-02 +4.29026824e-07j  -5.43756423e-07 +5.47751942e-07j\
    3.27863135e-01 +0.00000000e+00j]]\
----------------\
(c,b) =  0.575 -0.239583333333\
distance = 2.22596500716e-06\
Q1 =  0.366365757688\
rho op = \
[[  3.54706396e-01 -1.06664084e-25j   5.17155172e-07 +6.37037670e-08j\
   -2.24241314e-02 +5.02337929e-08j]\
 [  5.17155172e-07 -6.37037670e-08j   3.16126782e-01 -1.52166865e-30j\
    1.93256738e-07 +2.87524675e-08j]\
 [ -2.24241314e-02 -5.02337929e-08j   1.93256738e-07 -2.87524675e-08j\
    3.29166822e-01 +0.00000000e+00j]]\
----------------\
(c,b) =  0.575 -0.191666666667\
distance = 2.03587575225e-06\
Q1 =  0.393032701597\
rho op = \
[[  3.51055460e-01 +1.79809450e-25j  -4.70227216e-07 -7.76212413e-08j\
   -1.96279219e-02 -5.90461737e-08j]\
 [ -4.70227216e-07 +7.76212413e-08j   3.18546509e-01 +2.23640154e-30j\
   -1.66343878e-07 +6.51183744e-08j]\
 [ -1.96279219e-02 +5.90461737e-08j  -1.66343878e-07 -6.51183744e-08j\
    3.30398031e-01 +0.00000000e+00j]]\
----------------\
(c,b) =  0.575 -0.14375\
distance = 1.00876414503e-05\
Q1 =  0.413982508728\
rho op = \
[[  3.47133650e-01 +2.09818047e-26j  -2.42796158e-06 +9.32213597e-08j\
   -1.61689925e-02 +6.18041036e-09j]\
 [ -2.42796158e-06 -9.32213597e-08j   3.21361196e-01 -5.67574207e-30j\
   -6.69285709e-07 -9.16562935e-08j]\
 [ -1.61689925e-02 -6.18041036e-09j  -6.69285709e-07 +9.16562935e-08j\
    3.31505154e-01 +0.00000000e+00j]]\
----------------\
(c,b) =  0.575 -0.0958333333333\
distance = 9.78468627427e-06\
Q1 =  0.429182583728\
rho op = \
[[  3.42909078e-01 +5.28155171e-25j  -2.26300531e-06 +4.90513507e-07j\
   -1.19034884e-02 -2.12497351e-07j]\
 [ -2.26300531e-06 -4.90513507e-07j   3.24663516e-01 +8.58775332e-30j\
   -4.77500554e-07 -6.27655963e-07j]\
 [ -1.19034884e-02 +2.12497351e-07j  -4.77500554e-07 +6.27655963e-07j\
    3.32427406e-01 +0.00000000e+00j]]\
----------------\
(c,b) =  0.575 -0.0479166666667\
distance = 5.41966001302e-06\
Q1 =  0.438496470396\
rho op = \
[[  3.38336716e-01 -2.68639390e-26j  -4.43381361e-07 +6.88498604e-07j\
   -6.62184242e-03 -7.33647619e-08j]\
 [ -4.43381361e-07 -6.88498604e-07j   3.28583253e-01 +2.48983519e-29j\
   -4.45388485e-07 -9.83263141e-07j]\
 [ -6.62184242e-03 +7.33647619e-08j  -4.45388485e-07 +9.83263141e-07j\
    3.33080031e-01 +0.00000000e+00j]]\
----------------\
(c,b) =  0.575 0.0\
distance = 8.87127834442e-07\
Q1 =  0.441676117668\
rho op = \
[[  3.33333311e-01 -5.59853745e-31j   2.97606878e-08 +1.64122878e-07j\
   -4.18940550e-08 -1.16035679e-07j]\
 [  2.97606878e-08 -1.64122878e-07j   3.33334509e-01 +1.80746103e-30j\
   -1.13679133e-07 -9.18818495e-08j]\
 [ -4.18940550e-08 +1.16035679e-07j  -1.13679133e-07 +9.18818495e-08j\
    3.33332180e-01 +0.00000000e+00j]]\
----------------\
(c,b) =  0.575 0.0479166666667\
distance = 6.32207205119e-06\
Q1 =  0.438352442041\
rho op = \
[[  3.27756130e-01 -1.44840862e-25j  -1.51368985e-06 -7.68797811e-08j\
    8.47223082e-03 -1.46809353e-07j]\
 [ -1.51368985e-06 +7.68797811e-08j   3.39245106e-01 +6.09808659e-30j\
    4.40482172e-07 -8.27356721e-08j]\
 [  8.47223082e-03 +1.46809353e-07j   4.40482172e-07 +8.27356721e-08j\
    3.32998764e-01 +0.00000000e+00j]]\
----------------\
(c,b) =  0.575 0.0958333333333\
distance = 2.42389260659e-06\
Q1 =  0.428031547247\
rho op = \
[[  3.21360205e-01 +2.35854140e-26j  -5.26052659e-07 -5.04137176e-08j\
    1.96657892e-02 -1.93021022e-08j]\
 [ -5.26052659e-07 +5.04137176e-08j   3.46889872e-01 -2.24917354e-31j\
    2.96476250e-07 -5.68773713e-09j]\
 [  1.96657892e-02 +1.93021022e-08j   2.96476250e-07 +5.68773713e-09j\
    3.31749923e-01 +0.00000000e+00j]]\
----------------\
(c,b) =  0.575 0.14375\
distance = 1.37680141937e-05\
Q1 =  0.410121831818\
rho op = \
[[  3.13664969e-01 +3.08363012e-24j   3.21870436e-06 +4.34708573e-07j\
    3.51593024e-02 +3.85932587e-07j]\
 [  3.21870436e-06 -4.34708573e-07j   3.57323541e-01 -5.52201431e-30j\
    5.34362519e-08 +1.13820194e-06j]\
 [  3.51593024e-02 -3.85932587e-07j   5.34362519e-08 -1.13820194e-06j\
    3.29011490e-01 +0.00000000e+00j]]\
----------------\
(c,b) =  0.575 0.191666666667\
distance = 5.69214080553e-06\
Q1 =  0.384082604683\
rho op = \
[[  3.03786018e-01 +1.25799796e-23j   9.31544453e-07 +8.71823572e-08j\
    5.80720820e-02 -1.04165787e-06j]\
 [  9.31544453e-07 -8.71823572e-08j   3.72605616e-01 +9.54759939e-29j\
   -8.30205172e-07 -6.78537196e-07j]\
 [  5.80720820e-02 +1.04165787e-06j  -8.30205172e-07 +6.78537196e-07j\
    3.23608366e-01 +0.00000000e+00j]]\
----------------\
(c,b) =  0.575 0.239583333333\
distance = 8.33315864658e-07\
Q1 =  0.350052425175\
rho op = \
[[  2.89905091e-01 +5.20959764e-25j  -1.82609213e-07 -5.06464061e-08j\
    9.50397211e-02 +1.71839539e-07j]\
 [ -1.82609213e-07 +5.06464061e-08j   3.97157103e-01 -2.18923693e-31j\
    7.93168046e-08 -3.46210873e-08j]\
 [  9.50397211e-02 -1.71839539e-07j   7.93168046e-08 +3.46210873e-08j\
    3.12937805e-01 +0.00000000e+00j]]\
----------------\
(c,b) =  0.575 0.2875\
distance = 2.26623890755e-05\
Q1 =  0.31149038175\
rho op = \
[[  2.69021083e-01 +1.13419376e-23j  -2.39852262e-07 +1.62754686e-06j\
    1.59361396e-01 +1.17734467e-06j]\
 [ -2.39852262e-07 -1.62754686e-06j   4.39829246e-01 +4.09650618e-29j\
    6.78706918e-08 +5.42106522e-06j]\
 [  1.59361396e-01 -1.17734467e-06j   6.78706918e-08 -5.42106522e-06j\
    2.91149671e-01 +0.00000000e+00j]]\
----------------\
****************************\
****************************\
\pard\pardeftab720\sl280\partightenfactor0

\f1 \cf2 \
\
\
\
\
\
\pard\pardeftab720\sl280\partightenfactor0

\f0 \cf2 \
}